"rteno","Crop","Developed","Forest","Open","Water","Wetland"
25083,NA,0.0236215915878497,NA,0.000775125392495917,0.843448660580661,0.132154622438993
25183,NA,0.0237346391204056,NA,0.000776199969810889,0.843763046972359,0.131726113937424
25283,NA,0.0220168830126224,1.65629826711947e-06,0.000731421314759958,0.852231428792947,0.125018610581404
25036,NA,0.00924336486834797,2.01690063907413e-06,0.000490258122842944,0.966372750123386,0.0238916099847836
83001,0.599928863437935,0.123759962826704,0.0170332800597295,0.132682578528409,0.0318494753786026,0.0947458397686199
83901,0.274336301003842,0.0307829354595274,0.0106180203025954,0.160471264243371,0.346518952637947,0.177272526352718
83301,0.767645418277193,0.172149725614779,0.00521325399151145,0.0381398244196548,0.0119897139165117,0.00486206378034978
25135,0.000157965011688558,0.00241220153678618,0.000597079943028556,0.00434081346076857,0.274686882156518,0.71780505789121
25080,1.41078942300485e-05,0.0195627291689645,3.87967091326334e-05,0.000676235457615693,0.649118903369398,0.330589227400659
25180,4.14338075423599e-05,0.0190744316108029,0.000149522001131125,0.00105052716818814,0.627806628167994,0.351877457244341
83098,0.552283403308037,0.0474863472892164,0.00755994208963338,0.363735724083112,0.0151256736968966,0.013808909533105
25907,0.0691533974126568,0.0230030345606414,0.0142523914887392,0.0218057505587298,0.00696992888700803,0.864815497092225
25079,0.0874191654589525,0.0475944643432077,0.01428265636354,0.0223886415836156,0.00848804328989279,0.819827028960791
83115,0.112475889842941,0.012334161277506,0.00116186613099288,0.865129334481206,0.000828811167465771,0.00806993709988819
25178,0.189759383011551,0.304755800245206,0.00408138865449777,0.0100061013503422,0.0395629205623274,0.451834406176075
83003,0.108261206584165,0.0134112213829083,0.00232055837393777,0.873166910393736,5.08732533662635e-05,0.00278923001188621
25078,0.148839075032385,0.349409835594077,0.00374765290726163,0.00838937803594605,0.0194969995926773,0.470117058837653
83002,0.10416718226581,0.0115026699783668,0.0127541876311607,0.869198065836485,0.000161934554450759,0.00221595973372628
83004,0.0367280771317694,0.0287439599111818,0.000209783593205011,0.846857706784502,0.0388399860465304,0.0486204865328111
83378,0.00247440333807639,0.00991630031595729,0.133823601970426,0.614309962299767,0.0790105602410458,0.160465171834727
83204,0.0452964628699505,0.015473326860107,0.000291582513541437,0.925388216422209,0.001447243516676,0.0121031678175162
25035,6.29395242743572e-05,0.00427117471104818,0.00348971144420686,0.000296641200473405,0.00144242141992513,0.990437111700072
25087,0.0043197802275079,0.0249712044668448,0.000365434557101425,0.0166155769476677,0.293937360735525,0.659790643065354
25028,2.86609839100819e-05,0.00438894961434855,0.0751252108821457,0.000748768204650889,0.0162932677856631,0.903415142529282
25040,0.00211185599895835,0.0342605529709955,0.000257196511734603,0.00342491602295647,0.0197503347352233,0.940195143760132
83010,0.169914605135111,0.0189313348519165,0.00205151726090856,0.782925864302386,0.00393065287758031,0.0222460255720971
83410,0.158948188861614,0.020323555708079,0.00168349141791097,0.800921716854534,0.00224538259602331,0.0158776645618392
83007,0.0589929900104719,0.0178026342711943,0.0050858415110048,0.916930221136404,9.52977728666863e-05,0.00109301529805833
25033,0.00720863906872204,0.58467044413199,0.00129586346101475,0.00545744569873594,0.0471949267935022,0.354172680846035
83302,0.467637575177851,0.0223362501067532,0.0613054079429289,0.388493155137199,0.0133432429641279,0.0468843686711397
25077,0.00467472142112976,0.675530821698066,0.00109419045329649,0.00444703855026543,0.0976941298310125,0.21655909804623
83008,0.0624025154828967,0.0183562428106159,0.0134120438486982,0.903468120283015,9.02821012574384e-05,0.00227079547351626
83402,0.324512619624316,0.0229691912918131,0.0706155965016232,0.434389248852525,0.0867490071871284,0.0607643365425944
25026,0.284373537103003,0.133015167257306,0.0137985161247743,0.0130497765435529,0.0161718391732085,0.539591163798155
83303,0.448267278104777,0.0169313319694241,0.0116524519420173,0.501610453428347,0.000134706616655737,0.0214037779387793
25912,0.254011532620458,0.00264514356812766,5.86905268581458e-05,0.00875832333739772,0.0330727245130655,0.701453585434093
83005,0.561583573930368,0.0571658555368797,0.0124403869405071,0.337820592832432,0.00516922377595019,0.0258203669838626
25039,0.0270689497831813,0.614960758159836,0.00206025843174887,0.00769805787741945,0.202438664313374,0.14577331143444
25081,0.481468012942755,0.0337414067298867,0.0414001873009535,0.0144765690986874,0.00233232327493111,0.426581500652786
83006,0.744300548637129,0.0767065487106728,0.00673139004418922,0.123273752595933,0.00472816648614547,0.0442595935259311
25076,0.506230640221061,0.00465945218080863,5.01567239989549e-06,0.00644183585532806,0.021687889266335,0.460975166804067
25032,0.0961703179517669,0.375449998936678,0.0267962927476419,0.0261764918142225,0.0551422562121105,0.420264642337581
25132,0.0314102652703581,0.258799532330157,0.00894350898223355,0.0130819398345942,0.310171906492486,0.377592847090171
25176,0.693644708913016,0.0173939771712845,1.93461626144851e-05,0.00831444329829975,0.0164289547538469,0.264198569700939
25086,0.214143068068234,0.136620508131833,0.0508262025945483,0.081444421186854,0.0265067577829845,0.490459042235546
25910,0.21687407485482,0.140270318209637,0.0274792547327612,0.0279652088627927,0.0358109666306983,0.55160017670929
83304,0.00539887811991157,0.0126396246284927,0.000773457200709084,0.950728732527608,0.00384509806201242,0.0266142094612663
25916,0.200590821813003,0.201768960200728,0.0141670739870105,0.0144052180989066,0.130239070148273,0.438828855752079
25082,0.405635453185015,0.0285081354956928,0.0823389028576556,0.187923440520185,0.00484860741327686,0.290745460528175
25911,0.310263020489831,0.150654521221162,0.0110275644220284,0.0083741949998348,0.0154884316422166,0.504192267224927
83009,0.0271359552297075,0.0150013457048856,0.00254018008527875,0.93482139541937,0.00209448027696485,0.0184066432837933
25919,0.416792568401554,0.0212178559711859,0.0143591963419756,0.00949119973778638,0.230151791584542,0.307987387962957
83407,0.34605657242658,0.0448219317405985,0.0415915521978002,0.250748646406198,0.168344712365097,0.148436584863727
25031,0.407659366133209,0.0198122861635201,0.0167577774325562,0.0115086540305969,0.245208454609608,0.29905346163051
83307,0.326904342975029,0.048100028720454,0.0422375752258537,0.252106279480104,0.180107928231782,0.150543845366777
25071,0.364546830657089,0.0950453460144438,0.0869841571600506,0.0288053224826281,0.0130245192368631,0.411593824448926
25024,0.508731017649865,0.0801843746896553,0.0401012048075365,0.0755486751674196,0.0609543434792746,0.234480384206249
25017,0.43028336482567,0.145085210303915,0.0528370069664046,0.0464272776152091,0.0221287558695109,0.30323838441929
25072,0.664951839408553,0.0441142337674811,0.00780018702868221,0.0160609274045156,0.00494975188580495,0.262123060504963
25172,0.663288611305337,0.0391274538532344,0.0111473534045066,0.0160334924820516,0.00508751832440085,0.265315570630469
83018,0.00562994123395187,0.0228648789885322,0.000174767504619685,0.944748203884311,0.00641054458173517,0.02017166380685
83310,0.00983231176873904,0.00940128482656116,0.000214169448529296,0.971263420871125,0.00376049863280671,0.00552831445223852
83016,0.259640252911119,0.0388262188995447,0.0183520153153983,0.607321640525807,0.0441994441388348,0.031660428209296
25027,0.403944304769112,0.0201410776825776,0.0414228554249177,0.154508041276577,0.0455045595257215,0.334479161321094
83308,0.414751959581824,0.0389678443624388,0.0248323481204203,0.503256464411153,0.0010096404295602,0.0171817430946038
25074,0.582136362793796,0.189339150825579,0.0152410380662244,0.0133322450757041,0.0147643843773237,0.185186818861373
83013,0.470971203766145,0.0516508023828397,0.0139164046264673,0.0518614391097853,0.244893143114977,0.166707006999786
83309,0.12787379948622,0.0350818283341909,0.00155772460945071,0.812603716048787,0.00155467221440183,0.0213282593069495
83902,0.595748207676479,0.0227815405070508,0.0544272064953239,0.250925013518132,0.00922847822612591,0.0668895535768889
83080,0.0128839033079775,0.012686361422811,0.000443648508864015,0.963757977633617,0.00424311559859214,0.00598499352813809
83903,0.535411359831536,0.0308123859449539,0.039930613188517,0.197117084673399,0.0180832185311611,0.178645337830433
25073,0.297088178616177,0.130866738857956,0.0853631687883248,0.124818203371243,0.0813574880091036,0.280506222357196
25129,0.421877874495308,0.0864871242708726,0.0286885142240494,0.122590930433247,0.0769170564626355,0.263438500113888
25170,0.270280828550323,0.289213285039099,0.0526191355553787,0.0711036352121814,0.0648377568037501,0.251945358839267
25029,0.415124351594477,0.0917904513707456,0.0286208667232315,0.12492517243792,0.0767755990692202,0.262763558804406
25070,0.247876115420103,0.329915587455835,0.0517751570763421,0.050197885821104,0.0894915427563373,0.230743711470278
83306,0.531825802318052,0.0358823061310446,0.0433141281329161,0.0468494820952894,0.218570045289945,0.123558236032753
83017,0.251364658743295,0.0349543491779353,0.00532899417492001,0.690343248034876,0.00397351590323155,0.014035233965743
83305,0.386934654499554,0.0343281190287753,0.0734843597553799,0.130320478870568,0.162102399171468,0.212829988674254
25175,0.21687946441588,0.259322966277843,0.0186490790033145,0.0142922978528012,0.353312527623188,0.137543664826974
25075,0.202157371953575,0.26030334407275,0.0200142476890898,0.0143772269246399,0.357196592546914,0.145951216813031
25030,0.432152708767997,0.0107410051993679,0.0538096815848361,0.0817106850797352,0.0325235260294734,0.389062393338591
83011,0.269831881549429,0.0348575024624084,0.135764463521705,0.108650026691974,0.100204157917663,0.350691967856822
83214,0.528560098474559,0.0508379812852939,0.21360957707965,0.170167061443076,0.014361532418039,0.0224637492993822
83014,0.53088064902456,0.0482471851724459,0.216209419108763,0.169529094145359,0.0133039275451452,0.021829725003727
83012,0.709565627666994,0.0465023674112283,0.0866331339895341,0.0429911753131062,0.0429721659185243,0.0713355297006134
25116,0.0603470111330866,0.501154407076844,0.0677485165540894,0.0130839394068412,0.121460868364447,0.236205257464692
83315,0.501734440937057,0.0438008548854976,0.00622444918067204,0.435796429629582,0.00145480288229185,0.0109890224849001
83015,0.528734333215305,0.0592527841586488,0.0292514239798976,0.360117653061614,0.00409040279784534,0.0185534027866891
25016,0.0742263252045694,0.467142305736223,0.0894304186065048,0.014441317125002,0.0674487403844815,0.287310892943219
83019,0.198040869650004,0.0164970848623731,0.00625748159233793,0.760492106563612,0.0017396502453925,0.0169728070862799
25022,0.244358216123464,0.178943970435164,0.0946806425170603,0.0294610120733606,0.0382428521244213,0.41431330672653
83024,0.54363497554584,0.0263320494908409,0.295952436409678,0.0966624420615528,0.00196912422444901,0.0354489722676393
25069,0.249799853181242,0.14706275640654,0.0344547879707671,0.0394426017501486,0.161987806356187,0.367252194335116
83314,0.489167970783335,0.0499543290768019,0.222885834715288,0.191961103545128,0.00529719511623388,0.0407335667632129
25020,0.265071267759761,0.150744978527405,0.173767036322195,0.0240390641770035,0.0132108939887067,0.373166759224928
25085,0.0439460873968011,0.342810841858373,0.118367551061968,0.0172473441665737,0.275123263617371,0.202504911898913
83022,0.530394733618687,0.0984464177420549,0.033633772338165,0.058946673437442,0.0352227444627713,0.243355658400879
83030,0.188758512778084,0.0364424129029229,0.0628510236141576,0.701967894710549,0.00260993371946749,0.00737022227481831
25906,0.202326416163097,0.0418695523803869,0.189277522721315,0.0163095458221812,0.00896466775953855,0.541252295153481
25067,0.360257736479147,0.0221505197644391,0.05900028380823,0.0613772323691222,0.0427270069422421,0.45448722063682
83029,0.448247272242746,0.0809610331918061,0.153602599413724,0.292208510640036,0.00948734476736083,0.0154932397443277
83312,0.638763495900856,0.0572047538078299,0.0660152541481719,0.0389258116370779,0.0318493006742023,0.167241383831862
42102,0.000334759482243499,0.0155714594053087,5.74998640088833e-05,0.00643957518092253,0.676839988953095,0.300756717114422
25922,0.0606156104661584,0.253928892807705,0.181175876473407,0.037308926174172,0.221532997428825,0.245437696649733
83319,NA,0.00456157787022309,0.0406093045476981,0.952603587903798,1.12889186579466e-05,0.00221424075962295
25905,0.265213731857094,0.119843128961199,0.344079058580592,0.0304171529241916,0.0144225811431228,0.2260243465338
83025,0.71759238310867,0.0362682388018511,0.168603765796689,0.0288690047107407,0.0205400011563274,0.0281266064257222
83317,0.00118318991149983,0.00801683551939138,0.146971333978717,0.83936287234192,0.00111671792409008,0.00334905032438179
25068,0.123102227090514,0.468882193427612,0.0386289985444231,0.0309879937979917,0.186611677792957,0.151786909346503
83082,NA,0.00353602194938319,0.0408755830272639,0.955297489595735,2.15134911712684e-06,0.000288754078500764
25066,0.203894755434033,0.15109057551614,0.390240060818608,0.0384321295361829,0.0139257702012467,0.20241670849379
25023,0.363145546304364,0.141459492204242,0.0924320767729066,0.02420263576692,0.101048699533818,0.277711549417749
83900,NA,0.00346200298991363,0.0326786281363712,0.963611451380657,2.1495736392339e-06,0.000245767919419076
83031,0.0244950733704687,0.0212758215932334,0.395681351603812,0.551435036077084,0.000731571593337279,0.00638114576206452
25908,0.139929800226721,0.243589994648923,0.341073489487965,0.0363897526413227,0.0209200735564042,0.218096889438664
25918,0.0867787080488883,0.168226974313974,0.0783789326392388,0.0248233800787562,0.0490063017697564,0.592785703149386
83026,0.661527156983785,0.0523309425412773,0.124675522696689,0.118991755201351,0.00320482140855352,0.0392698011683436
83020,0.512939924390325,0.0310768299022771,0.00184773048233379,0.00614248540378615,0.13132814945028,0.316664880370998
42002,0.0135041017698737,0.0135966982376699,0.00264014218885167,0.00674376427849822,0.58985964853224,0.373655644992867
42029,0.145000436900889,0.0611431312032895,0.00534945102928583,0.0104866889608526,0.184387781119927,0.593632510785756
83313,0.810324208478172,0.0612845234463482,0.0582377460817854,0.0110338773990821,0.00757523451277873,0.051544410081834
42050,0.114258158384099,0.118931189074936,0.002894021707101,0.00329852138754174,0.06269129552127,0.697926813925053
83021,0.60427141180148,0.0443865865236874,0.0207149957286541,0.00652849122122774,0.0853869713833297,0.238711543341622
25025,0.0183903023705016,0.0894228728146519,0.0656094641677076,0.0163251293544315,0.407618144326049,0.402634086966659
42411,0.0966515550429379,0.0114976263867931,0.00187930078231233,0.0174306867218565,0.23316252938781,0.639378301678291
42311,0.0967285555513066,0.0115026280583412,0.00188475358871547,0.0174360324952811,0.233131188117304,0.639316842189051
83083,NA,0.00253466809927949,0.000349895386679003,0.997027689086617,1.43989871061318e-06,8.63075287141541e-05
25915,0.0221134598470329,0.0812403723667713,0.078668151706332,0.0182905419905153,0.448756578002171,0.350930896087177
42006,0.00595956339556088,0.00780010538814058,0.000154706790002878,0.00376128148478513,0.328132109284876,0.654192233656634
83377,NA,0.00142295530853734,7.43227825406656e-05,0.996704632134824,0.000152557290478208,0.00164553248361965
42007,0.0158829502161754,0.0141716351028826,0.000164968070128256,0.0182812878428088,0.530018779749291,0.421480379018713
42106,0.00872537516367139,0.00895840276308022,0.000154418628582601,0.00443704053183966,0.310445949360898,0.667278813551928
42206,0.0136619656587017,0.0094911102356791,0.000146335480825871,0.00638302204911793,0.29948471328466,0.670832853291015
42030,0.213578628364128,0.0432065478883841,0.00962185056091337,0.0015896456463428,0.349058368451995,0.382944959088237
83114,2.93775097708164e-05,0.00503797064633617,0.0868860129118885,0.907795138787381,0.000226421782623854,2.50783619994775e-05
42005,0.0454385536040922,0.052121348616964,0.00174043092057574,0.00279512636923987,0.202371455445398,0.695533085043731
42003,0.230665255887086,0.0849944612291522,0.00197932034103733,0.00144127486690502,0.0276748305113048,0.653244857164515
83023,0.743076708505372,0.159507190162863,0.0215156708760455,0.0160770774080483,0.00659858226298594,0.053224770784685
83311,0.575308073355501,0.144128617894171,0.00825523811762096,0.00701722682891842,0.0233767743120754,0.241914069491713
42312,0.172289750090184,0.0439579903046337,0.00187657798874333,0.00222307496613794,0.10463353186917,0.675019074781131
83081,NA,0.00616883249719332,0.00137628610700875,0.983083449083702,0.00429875346718189,0.00507267884491449
83316,0.00153574857806777,0.0112414892825338,0.366673474127638,0.618098831349881,0.000567802719695063,0.00188265394218412
83027,0.413123521845602,0.104306619443302,0.133651611644361,0.316994919955319,0.00443043632506806,0.0274928907863479
42031,0.506552155522816,0.0608745562786921,0.00411619750843609,0.0112573326890822,0.0650793233958294,0.352120434605144
42107,0.0446745676456139,0.0111837104250978,0.00455959037202082,0.0103197823066229,0.318982192191018,0.610280157059627
42207,0.0446947307694466,0.0111636746356879,0.00456810913018584,0.0102601371761892,0.318303163243087,0.611010185045403
42105,0.0710762669585196,0.0379647699255877,0.00152735131518583,0.00251700096475041,0.177334966598948,0.709579644237008
42004,0.0208006951893763,0.231148045757577,0.00558966582918553,0.00681138328609036,0.264349044876632,0.471301165061139
83320,0.0154326489046221,0.0161004125108473,6.95642830429408e-05,0.946423876795019,0.000240799441302487,0.0217326980651658
42001,0.0265795210406,0.187346821382468,0.00925958939130953,0.00903479414536391,0.202931036805286,0.564848237234972
42101,0.0261745419296094,0.188449477892555,0.00928241806289061,0.00909459547950243,0.202027546686465,0.564971419948977
42104,0.193414361414386,0.0753325015964346,0.00250734862185069,0.00191360056923002,0.0698650181710979,0.656967169627001
83028,0.00528456949744348,0.0430654638865121,0.323937135542901,0.626368423145261,0.00102955985664091,0.000314848071242263
42313,0.241406601281749,0.0857346823015854,0.00292949621454,0.00209928073619571,0.0644532731890285,0.603376666276901
42051,0.411688816233295,0.115883308237059,0.0100622695701676,0.00317283540605986,0.104768485528532,0.354424285024887
25909,0.191380428160286,0.0987146501417748,0.36727788437395,0.0687248277290325,0.0113402057645165,0.26256200383044
42052,0.673287395169665,0.049783015910638,0.00324844338420131,0.00469689799347801,0.0256264687994315,0.243357778742586
25014,0.304804986518017,0.122756149579261,0.351254558565121,0.0761205677545774,0.00341691936338569,0.141646818219638
83324,0.293755984637397,0.151658408016036,0.191305118681947,0.315780761499276,0.0096053419030058,0.0378943852623385
83327,1.21809172017129e-05,0.010207759085189,0.0166812717058123,0.972851931256836,1.36139662842673e-05,0.000233243068676563
83084,1.43304920577224e-06,0.0017997020103151,0.0113441393220756,0.986818899388259,2.14957380865837e-06,3.36766563356478e-05
83318,NA,0.00408381074176495,5.23062993837745e-05,0.992401177278659,0.00192121037636604,0.0015414953038258
25903,0.0194313211385254,0.0594237864532211,0.557516161712248,0.103609267310394,0.111926110787131,0.14809335259848
25065,0.43523788066285,0.171602484855858,0.305752771399076,0.039253999830413,0.0052674162383772,0.0428854470134257
42034,0.810165621709966,0.117121575319903,0.00576296389402026,0.00277401759630937,0.0107552411566881,0.053420580323114
42015,0.309442952783344,0.155794335975504,0.0663875459066621,0.0230891698066928,0.164774640230803,0.280511355296993
42011,0.561437836460251,0.261306493200454,0.0067639063167577,0.00400004161574923,0.0200237244163814,0.146467997990406
83184,NA,0.00310540343192227,9.60143009145369e-05,0.996582908352422,1.43304926738115e-06,0.000214240865473482
83140,0.000382624137941189,0.0562516667705747,0.467750134027718,0.473374379254136,0.00150278138012512,0.000738414429504293
25921,NA,0.0287447491020954,0.0470157404680045,0.0224867927668677,0.541666953200501,0.360085764462531
25165,0.432191816682503,0.106181126263943,0.346176975293435,0.0424478866080851,0.0104305637365751,0.0625716314154579
83418,NA,0.00244193026461312,0.000184863354167577,0.99374659579149,0.000824712682222244,0.00280189790750733
25009,8.47480128434258e-06,0.0392967382769578,0.0506159710155694,0.0237289266332809,0.492783931288616,0.393565957984291
83326,3.22436057436753e-05,0.00700684363366664,0.0935246277198064,0.899186440087744,0.000234081412453362,1.57635405857968e-05
42407,0.269494589695426,0.08579368502305,0.186762477744032,0.052309004517601,0.0412477434493753,0.364392499570515
42308,0.707543557851485,0.0863210485528948,0.0387534610465784,0.00429140899786056,0.0199332121709381,0.143157311380243
83323,0.646295494346113,0.0751844610017979,0.173592220240268,0.0238545563530139,0.0326520231120435,0.0484212449467644
25063,0.143829744175486,0.0676145742943751,0.495069851979769,0.0732828716564525,0.0306159366083209,0.189587021285597
83328,NA,0.00579313703301818,0.00206053838768242,0.987096022905972,0.0013283075917341,0.00372199408159298
25064,0.111439794476098,0.0526588611869097,0.302395217754367,0.0939276754836618,0.0755792433172134,0.363999207781749
25084,0.0336147316300303,0.0742420818305425,0.3313451759555,0.053425589212465,0.019553639600764,0.487818781770698
42307,0.178061531725325,0.0642764517717082,0.314704800948667,0.104354920677785,0.0135522395400336,0.325050055336481
42033,0.0774044640702131,0.0297451583445974,0.00201434417808876,0.00126041696932368,0.0413357179750484,0.848239898462729
25013,0.171949663544045,0.14719434004024,0.412645148988288,0.0488063391391102,0.0384252087345468,0.180979299553769
25113,0.153205577516598,0.0718673204457159,0.384014534616211,0.0699784253716271,0.0576179455256845,0.263316196524163
42055,0.647200585807557,0.101593489015779,0.0503853268494165,0.00329042411633676,0.00771441875856731,0.189815755452344
42903,0.238962711496818,0.295583899467136,0.0100531832458993,0.00719520330384307,0.0638774319998327,0.384327570486472
25015,7.02194146048157e-05,0.0487274730206619,0.042496467282747,0.00861453927945795,0.141996998019712,0.758094302982816
83040,0.000765140758814993,0.0906459179495108,0.419399032789282,0.46185319219863,0.0250660499511058,0.00227066635265694
42056,0.157364604816308,0.102625587538514,0.394241082706476,0.143774841952053,0.00664163115445445,0.195352251832195
42053,0.0770014751880388,0.172753661481973,0.183753245775889,0.0856545201915812,0.013131452810187,0.467705644552331
83325,0.0264674739663674,0.0267272714661894,0.175516347710027,0.770311681908005,0.000634962630087912,0.000342262319322583
25011,0.001333040792757,0.0544264521582875,0.171748091535281,0.14797040301364,0.268605084307722,0.355916928192312
83087,NA,0.00564201531955473,2.50783623588627e-05,0.992534314830694,NA,0.00179859148739208
42906,0.188492842485118,0.406940648675183,0.0270820295869352,0.0155058936800995,0.0641452041151499,0.297833381457515
83390,NA,0.00394388024741938,0.0235805372263394,0.972470566854201,5.01567204051024e-06,NA
83391,NA,0.00386734811877446,0.00130192511015795,0.994829293721964,1.43304910309075e-06,NA
83034,0.237816673791788,0.0821829745379247,0.487903015009529,0.0492636333714295,0.0597635637825576,0.083070139506772
83042,0.0108933216643978,0.0118935038550772,0.106393767905096,0.869254180345328,0.0013366549210869,0.000228571309014201
42208,0.0114253645510588,0.154384390041486,0.293030833078292,0.073465969728025,0.153191519882601,0.314501922718537
42309,0.343743625842098,0.0472142839060848,0.00479011730317086,0.00359760544076605,0.0199366229707764,0.580717744537104
2041,0.11882388341382,0.122881194236341,0.0728570638654075,0.0330542230557648,0.504478033638943,0.147905601789724
42008,0.012017809191237,0.160588462196396,0.332852435433571,0.079006500182549,0.130836761342452,0.284698031653794
83037,0.522313869780551,0.123118195886752,0.204334576954948,0.0245846115147211,0.0181378819347572,0.107510863928272
42108,0.0140834196405106,0.151053262833333,0.317217111956959,0.0844511707950771,0.068498574972328,0.364696459801792
42905,0.273196037469767,0.0383897415914115,0.00764546109162355,0.00481839883916132,0.0413423317935506,0.634608029214486
83321,0.0451142939833889,0.0527784129370177,0.571436390759034,0.142354075038697,0.00350614110295146,0.184810686178911
83322,0.188131806728075,0.0918410587733786,0.538041675461707,0.075978014647582,0.0262602311019567,0.0797472132873003
83137,0.496846915345958,0.140848132606702,0.214104459650164,0.024641239867383,0.0161536184147524,0.10740563411504
83237,0.48999250128326,0.14952676486713,0.213687001668771,0.0246369896404727,0.0164498647079711,0.105706877832395
2141,0.207333284770252,0.135531916707068,0.109578943274083,0.0382974102562917,0.366937387789667,0.142321057202639
25062,0.00194173378449294,0.0463886198361262,0.195608781048579,0.039655642308509,0.369089005998558,0.347316217023734
25059,0.285899184897334,0.0749978529339198,0.305528406038921,0.131986446621186,0.00866805650473176,0.192920053003907
2140,0.0664069771325257,0.0587437966613808,0.0616740383553757,0.0270238973637548,0.621596564562603,0.16455472592436
83088,2.86609834993559e-06,0.00939085722651446,0.0551871034860412,0.935415590566157,NA,3.58262293741949e-06
42310,0.11369825458975,0.14941965769656,0.310673708183328,0.0817332962546177,0.0406127010565378,0.303862382219207
83139,0.605127633488551,0.079208857098189,0.0238172491389506,0.240236934910095,0.0157287539940246,0.035880571370189
83238,0.00238188536420572,0.125006713835385,0.407918185674908,0.457763182776996,0.00395592508225272,0.00297410726625291
2040,0.0573391163080324,0.0648364860357054,0.0619913387220045,0.0261729606607561,0.626335418288625,0.163324679984877
83039,0.469521648526846,0.126059918874522,0.0347215164455845,0.325329546816593,0.0152837113172065,0.0290836580192477
83347,0.0408496525264319,0.0482087036553171,0.448987535754396,0.14387637549607,0.00680716958483951,0.311270562982946
25021,0.067869842028948,0.119930591399703,0.402423015655807,0.139917073158289,0.0669651794508859,0.202894298306368
25159,0.308236603520089,0.0780953619652907,0.301804254220396,0.135411107704196,0.00781818679867955,0.168634485791348
42113,0.673841499126392,0.0907686976970228,0.0573377407617381,0.0156095873333136,0.0101688015730178,0.152273673508516
42013,0.673810469093082,0.0907620301052524,0.0573463052844467,0.0156133496464958,0.0101687446153627,0.15229910125536
42009,0.121096449814516,0.154756076772149,0.2785454340294,0.131231361447215,0.00739475655426418,0.306975921382456
2070,0.297139077823684,0.135583218627301,0.124357384923715,0.024852368707044,0.271539316649928,0.146528633268328
25901,0.000601680017979608,0.0277186529561504,0.262193467740638,0.0129867500131876,0.00298981344236506,0.69350963582968
51029,0.0192483853997436,0.139754577307383,0.226413175000233,0.0657247746302853,0.122261397564044,0.426597690098311
42016,0.0813236488817128,0.0637461384695349,0.480369503163241,0.204762796664492,0.00547988736805736,0.164318025452962
25051,0.00129537341543861,0.134715802707101,0.0921916080462684,0.0518947835448225,0.578332207569983,0.141570224716386
25002,0.00756954010075072,0.19558849381084,0.170541478854653,0.0640274503134252,0.517116452486458,0.0451565844338731
2217,0.176027810101203,0.179252142661475,0.215421557965914,0.0586922161419448,0.0594673955710189,0.311138877558444
2042,0.315728757649026,0.102678675772472,0.236656236886256,0.0819644142050666,0.0520211003322081,0.210950815154972
42902,0.55126353270422,0.0704001810571637,0.0951507815997032,0.0218499800587626,0.010590734894338,0.250744789685812
51129,0.0240349125717905,0.101979511511264,0.421347550058965,0.0909316203945036,0.017147442326636,0.344558963136841
25105,0.0156376195659257,0.0717761411431975,0.364460626850416,0.165550555376082,0.0115765729868528,0.370998484077526
51119,0.123213427407377,0.0488617687829706,0.361150497473359,0.178718196097149,0.00925832903782805,0.278797781201316
51229,0.024381285945715,0.0998247366277362,0.425129833557333,0.0908118663252684,0.0151291823796949,0.344723095164252
83038,0.0213977611256659,0.0842070055400609,0.285449480732814,0.59993245322375,0.00380777664953014,0.00520552272817897
83041,0.0101809117130634,0.023973157555519,0.0598595468483486,0.901899392064705,0.00398524532548309,0.000101746492880791
83032,0.0498758900685701,0.048174201617193,0.523059472066728,0.103469818789942,0.0290281357832912,0.246392481674276
25005,0.0149131989532005,0.0755274203404646,0.346226310218118,0.184032406402448,0.0144738618803491,0.36482680220542
83033,0.0888058064233726,0.0813390105873753,0.580409495410377,0.0993517092813608,0.0606134707736512,0.0894805075238634
42014,0.121494180462577,0.0527118689208845,0.434909749752142,0.119074011207003,0.00397771456645681,0.267832475090936
42114,0.114545895221116,0.0526356110953205,0.439666134499063,0.120057624628636,0.0039520273017658,0.269142707254098
83135,0.55690891370083,0.0478952490893187,0.243429562492654,0.0514388645297591,0.00431788476662091,0.096009525420817
83392,NA,0.00733232560352763,0.195411351851129,0.797244141626483,1.2180918860019e-05,NA
2142,0.300931751403679,0.0938470613190582,0.262739922174536,0.109865943404817,0.0146117065733136,0.218003615124596
83036,0.619422470266485,0.0450662457820166,0.2700824904699,0.025898338082769,0.0108717348850887,0.0286587205137401
25018,0.0756491074125518,0.127239271572037,0.217388140424927,0.125258905374716,0.137266709300829,0.317197865914939
83136,0.620396920262414,0.0442626653255236,0.269241445448041,0.0272396088520602,0.00933134349661449,0.0295280166153468
83035,0.576618162631998,0.0484751324545895,0.227029747264288,0.0466695191033629,0.0041931020061342,0.0970143365396281
42214,0.0921218484384351,0.0529284286559375,0.449719731423671,0.122028436566369,0.00431233133012177,0.278889223585466
51020,0.14629463573732,0.086027409615906,0.290178108950342,0.0673166313651726,0.0190423356683484,0.391140878662911
25920,0.00524124486552885,0.13718843226885,0.301042584299095,0.235123561337759,0.208891706828971,0.112512470399797
25057,0.00354681106395082,0.0441036220382644,0.394196413047795,0.0425264081049937,0.0271324719480085,0.488494273796987
25137,0.0982832011839739,0.0860619344712691,0.403427852537333,0.146496547662382,0.0231668687481163,0.242563595396925
25004,0.0598294149680769,0.060075053951799,0.39635619839473,0.122093731198841,0.0144876986974828,0.347157902789071
51030,0.05130756433639,0.0518650993310956,0.323871147658964,0.0634884547099816,0.0169652042732957,0.492502529690274
42314,0.0894495375210063,0.0524414661224854,0.439594058735884,0.114496126844339,0.0069049466742709,0.297113864102015
83113,0.0445351027916434,0.0163052539570408,0.000224945714488573,0.938851580690039,7.81011749992177e-05,5.01567178894059e-06
42410,0.164213588455464,0.0764820615227683,0.368270174039463,0.142962363475994,0.0111224399228667,0.236949372583445
42414,0.0948281483080977,0.0517163601799532,0.431733547885641,0.109182314441551,0.00782691356423215,0.304712715620526
42032,0.175491907813768,0.0625590183474172,0.371818411835635,0.155953110681598,0.0056014962525902,0.228576055068992
83043,0.0328315912181931,0.0150852164247063,0.0454904185888516,0.905392594912222,0.000826152967760717,0.000374025888266344
83329,0.00130980695530565,0.016593469977487,NA,0.981064110815802,5.51723936315839e-05,0.000977439857773881
25058,0.237215502096766,0.0682691358297148,0.305449800498042,0.210832441140724,0.00549051342860341,0.172742607006149
42901,0.266400555627594,0.0471086142361278,0.317257295892065,0.0691571520017373,0.0139419643564391,0.286134417886037
25008,0.037718945294384,0.0498656856680279,0.352685184982833,0.152940597350098,0.0102755434848225,0.396514043219834
25038,0.039905620809652,0.259104926755241,0.330735857532549,0.0831504398261009,0.11255578636804,0.174547368708417
42054,0.18398804355535,0.0464248226232712,0.600951080303358,0.0642696159237781,0.0135256907515266,0.0908407468427169
25107,0.0323460819291363,0.0504820203928618,0.35177799117471,0.193146922785022,0.0260631361304923,0.346183847587777
25007,0.0328792439771054,0.0494880983326286,0.352591840793733,0.193034132524352,0.0255636565988127,0.346443027773368
51019,0.156223856707018,0.0526248643583246,0.40857966037368,0.123364213916276,0.010574404465656,0.248633000179045
25108,0.0702074712676869,0.0511449439367525,0.369495939433725,0.141106832997625,0.0121529590236648,0.355891853340546
2218,0.147849964549225,0.0579243415295922,0.41836156516961,0.159362495390597,0.0029283431765671,0.213573290184409
25138,0.0359018984489279,0.304387070446771,0.292668806228008,0.0711945862502211,0.125458693923107,0.170388944702965
83330,0.000218539977260091,0.00228754750754583,0.00104149704441519,0.987465750665547,6.44872064046171e-06,0.00898021608459105
25037,0.0843292510305593,0.0869991072821316,0.423362868711862,0.138127773084144,0.00966660330201715,0.257514396589286
83112,0.000766487835985002,0.00867431101898579,0.000595754359726034,0.988916604377991,4.87236712506709e-05,0.000998118736061537
42012,0.129633649200077,0.0361742615112099,0.628895575098605,0.0401702835098056,0.0401133914547058,0.125012839225596
83331,3.22436064367754e-05,0.00345288183036378,0.160236744596072,0.835020779786257,2.0779213037033e-05,0.00123657096783384
25056,0.0778313809829356,0.059327455682058,0.30133303669215,0.0687342413849561,0.00249340528673344,0.490280479971167
83089,NA,0.00375716110784272,0.25796894631206,0.738272459530943,1.4330491544315e-06,NA
2069,0.143727163289228,0.116920863766279,0.432119441940908,0.113262934514074,0.016524172871339,0.177445423618172
25003,0.0247063846956993,0.104018801663036,0.448793848332434,0.289704641964548,0.00683040696562806,0.125945916378655
83189,NA,0.00362706187030161,0.265380628724401,0.730991592880695,7.16524602886122e-07,NA
42010,0.241990714399504,0.0708559182796765,0.354842349853748,0.119315468754614,0.00765803626346987,0.205337512448989
2754,0.0222601911796566,0.151420558759073,0.267876027886794,0.0553861985953424,0.118712879905288,0.384344143673846
25010,0.101315663874461,0.0508989138102998,0.379735921412612,0.0748374209223727,0.00303835815663609,0.390173721823619
25001,0.175928035427266,0.0457056104445204,0.275333427532427,0.255798345917415,0.00704284157584957,0.240191739102521
25054,0.128069020690127,0.0931719386597367,0.358153928062525,0.204685666514408,0.00802205135866062,0.207897394714544
25012,0.130183661301923,0.0628438852278941,0.389042061942232,0.130575607416522,0.0332713606440788,0.25408342346735
25917,0.051898242786453,0.0648416651149132,0.43441570012035,0.098807202918078,0.00675911993237613,0.343278069127829
25902,0.0185449454039453,0.0462601441158749,0.445174417376145,0.0834738002113275,0.00687108362452832,0.399675609268179
42022,0.0153347812051485,0.0914037254653271,0.572291329552266,0.193293359330472,0.00506932594569665,0.12260747850109
83052,0.0174691639689634,0.0339883022770307,0.14372391859346,0.802159298526984,0.000780933016226287,0.00187838361733527
25006,0.0634248904449957,0.175093577938029,0.452794078135994,0.062743497014095,0.0139979894175474,0.231945967049339
83085,0.00463466716219595,0.0147562572961457,0.00262953766317136,0.97718276256575,9.09986193503176e-05,0.000705776693386321
51037,0.0487809785368289,0.0529774838243682,0.549397350886848,0.127461710628614,0.00634734725227694,0.215035128871064
42122,0.00943100409915118,0.0461016863606793,0.464567873479413,0.182021757527048,0.163725008410566,0.134152670123143
25052,0.0750909146159654,0.0464235736948416,0.573523298439754,0.175831125404472,0.00550250793294874,0.123628579912018
25151,0.108096740541622,0.0925075433742992,0.492445576890928,0.159493217316913,0.0078568000871122,0.139600121789125
25053,0.13575880518364,0.0779554197693529,0.471968655484798,0.162998629968996,0.0112949438758761,0.140023545717337
51043,0.156551843817302,0.0535464767544056,0.530730453175359,0.134303218141904,0.00447118504632113,0.120396823064708
51101,0.0720031868725568,0.0271862295188671,0.510224603192385,0.0599922840321662,0.0649196810568017,0.265674015327223
83334,0.0313234361518815,0.0375041338091801,0.513096556653926,0.0746396945622136,0.225158119410276,0.118278059412524
83048,0.60032916713408,0.0490808865783293,0.141981505695769,0.17490591457868,0.00597724879404599,0.0277252772190955
51018,0.121100982391703,0.0595853290422971,0.467149609946605,0.109387332171231,0.0125973757761206,0.230179370672044
25061,0.228941397885135,0.0689036542327189,0.360298537128946,0.134859970304352,0.0168456951270735,0.190150745321775
51001,0.0755376501471036,0.0268592113490275,0.485828945414289,0.0575615310666187,0.0644865550571164,0.289726106965845
83332,0.000109679494442505,0.000553950864336198,9.30193180714918e-05,0.980946950263779,7.63591417004784e-05,0.0182200409176708
83051,0.0132254811980053,0.0296462248159265,0.203705472325138,0.743696086856648,0.00115814012839934,0.00856859467588295
83049,0.494813862919828,0.0457085882790603,0.234535838615786,0.153512439121651,0.0291014250406307,0.0423278460230451
83044,0.159661442066916,0.111094851572799,0.448686852004147,0.098663856934374,0.00443937224552221,0.177453625176243
83054,0.214570076806782,0.02767511870753,0.05800954690243,0.693350232327735,0.00608691966745089,0.000308105588071642
25055,0.177945495965397,0.0608007381693781,0.32458837506615,0.111395937602143,0.0113368164406341,0.313932636756298
83111,0.00158495235344466,0.0183246358595255,1.36139668695518e-05,0.979125253188436,0.000279444583111853,0.00067210004861261
51027,0.0381202401629916,0.0457682803048772,0.460768544845755,0.125784529936082,0.01276967191027,0.316788732840024
83050,0.189363923034097,0.0537774505361679,0.200593935926741,0.523218664230425,0.0091474410011587,0.0238985852714091
83055,0.0734641906414538,0.0230705080323373,0.124413459246479,0.77609493859001,0.00271553501891012,0.000241368470810361
83340,0.482277557385136,0.0217274931393837,0.0061677656268408,0.489432378750016,0.000358978864628526,3.58262339948628e-05
2137,0.0911809319026772,0.0353684532886996,0.435919876347904,0.146280009889474,0.0110612350227086,0.280189493548537
27311,0.177121030738433,0.0964805055935279,0.344124268125633,0.100775905879504,0.0174898500346934,0.264008439628208
25904,0.39336881281283,0.0620203266419227,0.265836785972764,0.0765059317380921,0.0505618874793998,0.151706255354991
83053,0.0338289287507567,0.0217496578935714,0.128609769082558,0.812847067017535,0.00135339302990588,0.00161118422567232
42017,0.358838060571819,0.0146005992911036,0.0286624366066547,0.026029703281666,0.100385304628873,0.471483895619885
2052,0.0490879612696097,0.0370978965137703,0.45179396945523,0.143350971613452,0.00814424075903056,0.310524960388908
2035,0.0564780829985581,0.0303232145845434,0.637573533787307,0.134028746752934,0.0063934274056123,0.135202994471045
27006,0.268923854204507,0.0614149534289849,0.34097994248572,0.0432741996603416,0.0105204577863928,0.274886592434054
42020,0.0977236443444176,0.161075689717621,0.361344264632597,0.0681325900107156,0.0363318096437762,0.275392001650873
83345,4.03278269214357e-05,0.00654964957170804,0.000498257503012003,0.990832505550675,4.8249364352432e-05,0.00203101018333081
83342,NA,0.0344905170988403,8.59829431050006e-06,0.963468907034411,9.81638600448757e-05,0.00193381371239353
83337,0.309768706016409,0.153288613411629,0.047303897940879,0.429354211177471,0.0260022964038822,0.0342822750497307
42019,0.122969556380181,0.040203982238988,0.469543995053171,0.133344173873358,0.0228552800159281,0.211083012438373
25060,0.0576531071844227,0.0660612865244457,0.449229362064707,0.163246436959782,0.00208654819993409,0.261723259066708
42119,0.132659349312438,0.0404290170751171,0.463818902372217,0.129517854849851,0.0230145468028362,0.210560329587541
51002,0.0574814792905085,0.036310055176477,0.728685896137197,0.0609113606570381,0.00803203994125845,0.108579168797521
27058,0.0155834582516444,0.0317837940738524,0.380993534375295,0.114545200413701,0.00172221716316009,0.455371795722346
27057,0.31059915157181,0.0770853223459348,0.363647402023643,0.0409477763332323,0.00625165570923798,0.201468692016142
